version https://git-lfs.github.com/spec/v1
oid sha256:caa95d74dbaf722155dc26f5af04e81b8df4ca054a01d401ca692093d792c4b3
size 325239440
